# Created by Octave 6.4.0, Thu May 22 20:07:00 2025 PDT <zeus@desktop-00>
# name: freq
# type: matrix
# rows: 1
# columns: 161
 2000000000 2005000000 2010000000 2015000000 2020000000 2025000000 2030000000 2035000000 2040000000 2045000000 2050000000 2055000000 2060000000 2065000000 2070000000 2075000000 2080000000 2085000000 2090000000 2095000000 2100000000 2105000000 2110000000 2115000000 2120000000 2125000000 2130000000 2135000000 2140000000 2145000000 2150000000 2155000000 2160000000 2165000000 2170000000 2175000000 2180000000 2185000000 2190000000 2195000000 2200000000 2205000000 2210000000 2215000000 2220000000 2225000000 2230000000 2235000000 2240000000 2245000000 2250000000 2255000000 2260000000 2265000000 2270000000 2275000000 2280000000 2285000000 2290000000 2295000000 2300000000 2305000000 2310000000 2315000000 2320000000 2325000000 2330000000 2335000000 2340000000 2345000000 2350000000 2355000000 2360000000 2365000000 2370000000 2375000000 2380000000 2385000000 2390000000 2395000000 2400000000 2405000000 2410000000 2415000000 2420000000 2425000000 2430000000 2435000000 2440000000 2445000000 2450000000 2455000000 2460000000 2465000000 2470000000 2475000000 2480000000 2485000000 2490000000 2495000000 2500000000 2505000000 2510000000 2515000000 2520000000 2525000000 2530000000 2535000000 2540000000 2545000000 2550000000 2555000000 2560000000 2565000000 2570000000 2575000000 2580000000 2585000000 2590000000 2595000000 2600000000 2605000000 2610000000 2615000000 2620000000 2625000000 2630000000 2635000000 2640000000 2645000000 2650000000 2655000000 2660000000 2665000000 2670000000 2675000000 2680000000 2685000000 2690000000 2695000000 2700000000 2705000000 2710000000 2715000000 2720000000 2725000000 2730000000 2735000000 2740000000 2745000000 2750000000 2755000000 2760000000 2765000000 2770000000 2775000000 2780000000 2785000000 2790000000 2795000000 2800000000


# name: s11
# type: matrix
# rows: 1
# columns: 161
 NaN NaN NaN NaN NaN NaN NaN NaN NaN NaN NaN NaN NaN NaN NaN NaN NaN NaN NaN NaN NaN NaN NaN NaN NaN NaN NaN NaN NaN NaN NaN NaN NaN NaN NaN NaN NaN NaN NaN NaN NaN NaN NaN NaN NaN NaN NaN NaN NaN NaN NaN NaN NaN NaN NaN NaN NaN NaN NaN NaN NaN NaN NaN NaN NaN NaN NaN NaN NaN NaN NaN NaN NaN NaN NaN NaN NaN NaN NaN NaN NaN NaN NaN NaN NaN NaN NaN NaN NaN NaN NaN NaN NaN NaN NaN NaN NaN NaN NaN NaN NaN NaN NaN NaN NaN NaN NaN NaN NaN NaN NaN NaN NaN NaN NaN NaN NaN NaN NaN NaN NaN NaN NaN NaN NaN NaN NaN NaN NaN NaN NaN NaN NaN NaN NaN NaN NaN NaN NaN NaN NaN NaN NaN NaN NaN NaN NaN NaN NaN NaN NaN NaN NaN NaN NaN NaN NaN NaN NaN NaN NaN


# name: s11_dB
# type: matrix
# rows: 1
# columns: 161
 NaN NaN NaN NaN NaN NaN NaN NaN NaN NaN NaN NaN NaN NaN NaN NaN NaN NaN NaN NaN NaN NaN NaN NaN NaN NaN NaN NaN NaN NaN NaN NaN NaN NaN NaN NaN NaN NaN NaN NaN NaN NaN NaN NaN NaN NaN NaN NaN NaN NaN NaN NaN NaN NaN NaN NaN NaN NaN NaN NaN NaN NaN NaN NaN NaN NaN NaN NaN NaN NaN NaN NaN NaN NaN NaN NaN NaN NaN NaN NaN NaN NaN NaN NaN NaN NaN NaN NaN NaN NaN NaN NaN NaN NaN NaN NaN NaN NaN NaN NaN NaN NaN NaN NaN NaN NaN NaN NaN NaN NaN NaN NaN NaN NaN NaN NaN NaN NaN NaN NaN NaN NaN NaN NaN NaN NaN NaN NaN NaN NaN NaN NaN NaN NaN NaN NaN NaN NaN NaN NaN NaN NaN NaN NaN NaN NaN NaN NaN NaN NaN NaN NaN NaN NaN NaN NaN NaN NaN NaN NaN NaN


# name: Z
# type: matrix
# rows: 1
# columns: 161
 NaN NaN NaN NaN NaN NaN NaN NaN NaN NaN NaN NaN NaN NaN NaN NaN NaN NaN NaN NaN NaN NaN NaN NaN NaN NaN NaN NaN NaN NaN NaN NaN NaN NaN NaN NaN NaN NaN NaN NaN NaN NaN NaN NaN NaN NaN NaN NaN NaN NaN NaN NaN NaN NaN NaN NaN NaN NaN NaN NaN NaN NaN NaN NaN NaN NaN NaN NaN NaN NaN NaN NaN NaN NaN NaN NaN NaN NaN NaN NaN NaN NaN NaN NaN NaN NaN NaN NaN NaN NaN NaN NaN NaN NaN NaN NaN NaN NaN NaN NaN NaN NaN NaN NaN NaN NaN NaN NaN NaN NaN NaN NaN NaN NaN NaN NaN NaN NaN NaN NaN NaN NaN NaN NaN NaN NaN NaN NaN NaN NaN NaN NaN NaN NaN NaN NaN NaN NaN NaN NaN NaN NaN NaN NaN NaN NaN NaN NaN NaN NaN NaN NaN NaN NaN NaN NaN NaN NaN NaN NaN NaN


# name: f_res
# type: scalar
2000000000


# name: bandwidth
# type: scalar
0


